abm19_site_vars<-c("row","sitetype2","uniqueid","fyq","date","fyear_qtr","sitename","snu1","snu2","psnu","snu1uid","psnuuid","snu2uid","lon","lat",
			    "ass_tot","una_tot","pos_tot","lnk_tot",
			    "ass1.0001","ass1.0104","ass1.0509","ass1.1014","ass1.1519","ass1.2024","ass1.2529","ass1.3034","ass1.3539","ass1.4044","ass1.4549","ass1.5000",
			    "ass2.0001","ass2.0104","ass2.0509","ass2.1014","ass2.1519","ass2.2024","ass2.2529","ass2.3034","ass2.3539","ass2.4044","ass2.4549","ass2.5000","ass3.9999",
			    "una1.0001","una1.0104","una1.0509","una1.1014","una1.1519","una1.2024","una1.2529","una1.3034","una1.3539","una1.4044","una1.4549","una1.5000",
			    "una2.0001","una2.0104","una2.0509","una2.1014","una2.1519","una2.2024","una2.2529","una2.3034","una2.3539","una2.4044","una2.4549","una2.5000","una3.9999",
			    "tot1.0001","tot1.0104","tot1.0509","tot1.1014","tot1.1519","tot1.2024","tot1.2529","tot1.3034","tot1.3539","tot1.4044","tot1.4549","tot1.5000",
			    "tot2.0001","tot2.0104","tot2.0509","tot2.1014","tot2.1519","tot2.2024","tot2.2529","tot2.3034","tot2.3539","tot2.4044","tot2.4549","tot2.5000","tot3.9999",
			    "lnk1.0001","lnk1.0104","lnk1.0509","lnk1.1014","lnk1.1519","lnk1.2024","lnk1.2529","lnk1.3034","lnk1.3539","lnk1.4044","lnk1.4549","lnk1.5000",
			    "lnk2.0001","lnk2.0104","lnk2.0509","lnk2.1014","lnk2.1519","lnk2.2024","lnk2.2529","lnk2.3034","lnk2.3539","lnk2.4044","lnk2.4549","lnk2.5000","lnk3.9999",
			    "orgunituid")
#**************************************************************************************************************#
abm_vars<-c("orgunituid","fyq",
    "pos1.0001","pos1.0104","pos1.0509","pos1.1014","pos1.1519","pos1.2024","pos1.2529","pos1.3034","pos1.3539","pos1.4044","pos1.4549","pos1.5000",
    "pos2.0001","pos2.0104","pos2.0509","pos2.1014","pos2.1519","pos2.2024","pos2.2529","pos2.3034","pos2.3539","pos2.4044","pos2.4549","pos2.5000",
    "pos3.9999",
    "new1.0001","new1.0104","new1.0509","new1.1014","new1.1519","new1.2024","new1.2529","new1.3034","new1.3539","new1.4044","new1.4549","new1.5000",
    "new2.0001","new2.0104","new2.0509","new2.1014","new2.1519","new2.2024","new2.2529","new2.3034","new2.3539","new2.4044","new2.4549","new2.5000",
    "new3.9999",
    "cur1.0001","cur1.0104","cur1.0509","cur1.1014","cur1.1519","cur1.2024","cur1.2529","cur1.3034","cur1.3539","cur1.4044","cur1.4549","cur1.5000",
    "cur2.0001","cur2.0104","cur2.0509","cur2.1014","cur2.1519","cur2.2024","cur2.2529","cur2.3034","cur2.3539","cur2.4044","cur2.4549","cur2.5000",
    "cur3.9999",
    "fyear_qtr","fyear","qtr","sitetype")
#**************************************************************************************************************#
abm_vars2<-c("orgunituid","fyq",
		  "pos.1.0001","pos.1.0104","pos.1.0509","pos.1.1014","pos.1.1519","pos.1.2024","pos.1.2529","pos.1.3034","pos.1.3539","pos.1.4044","pos.1.4549","pos.1.5",
		  "pos.2.0001","pos.2.0104","pos.2.0509","pos.2.1014","pos.2.1519","pos.2.2024","pos.2.2529","pos.2.3034","pos.2.3539","pos.2.4044","pos.2.4549","pos.2.5",
		  "pos.3.9999",
		  "new.1.0001","new.1.0104","new.1.0509","new.1.1014","new.1.1519","new.1.2024","new.1.2529","new.1.3034","new.1.3539","new.1.4044","new.1.4549","new.1.5",
		  "new.2.0001","new.2.0104","new.2.0509","new.2.1014","new.2.1519","new.2.2024","new.2.2529","new.2.3034","new.2.3539","new.2.4044","new.2.4549","new.2.5",
		  "new.3.9999",
		  "cur.1.0001","cur.1.0104","cur.1.0509","cur.1.1014","cur.1.1519","cur.1.2024","cur.1.2529","cur.1.3034","cur.1.3539","cur.1.4044","cur.1.4549","cur.1.5",
		  "cur.2.0001","cur.2.0104","cur.2.0509","cur.2.1014","cur.2.1519","cur.2.2024","cur.2.2529","cur.2.3034","cur.2.3539","cur.2.4044","cur.2.4549","cur.2.5",
		  "cur.3.9999",
		  "fyear_qtr","fyear","qtr","sitetype")
#**************************************************************************************************************#
agesex<-c("male0001","male0104","male0509","male1014","male1519","male2024","male2529","male3034","male3539","male4044","male4549","male5000",
		"female0001","female0104","female0509","female1014","female1519","female2024","female2529","female3034","female3539","female4044","female4549","female5000",
		"sexage_unk")
# agesex<-c("mage0001","mage0104","mage0509","mage1014","mage1519","mage2024","mage2529","mage3034","mage3539","mage4044","mage4549","mage5000",
# 		"fage0001","fage0104","fage0509","fage1014","fage1519","fage2024","fage2529","fage3034","fage3539","fage4044","fage4549","fage5000",
# 		"unknsage")
#**************************************************************************************************************#
agesex2<-c("male ages 00-01","male ages 01-04","male ages 05-09","male ages 10-14","male ages 15-19","male ages 20-24","male ages 25-29",
		 "male ages 30-34","male ages 35-39","male ages 40-44","male ages 45-49","male ages 50+",
		 "female ages 00-01","female ages 01-04","female ages 05-09","female ages 10-14","female ages 15-19","female ages 20-24","female ages 25-29",
		 "female ages 30-34","female ages 35-39","female ages 40-44","female ages 45-49","female ages 50+",
		 "sex/age unknown")
#**************************************************************************************************************#
fac_vars<-c("uniqueid","fyq","date","fyear_qtr","ass_tot","una_tot","pos_tot","lnk_tot",
		  "ass1.0001","ass1.0104","ass1.0509","ass1.1014","ass1.1519","ass1.2024","ass1.2529","ass1.3034","ass1.3539","ass1.4044","ass1.4549","ass1.5000",
		  "ass2.0001","ass2.0104","ass2.0509","ass2.1014","ass2.1519","ass2.2024","ass2.2529","ass2.3034","ass2.3539","ass2.4044","ass2.4549","ass2.5000","ass3.9999",
		  "una1.0001","una1.0104","una1.0509","una1.1014","una1.1519","una1.2024","una1.2529","una1.3034","una1.3539","una1.4044","una1.4549","una1.5000",
		  "una2.0001","una2.0104","una2.0509","una2.1014","una2.1519","una2.2024","una2.2529","una2.3034","una2.3539","una2.4044","una2.4549","una2.5000","una3.9999",
		  "tot1.0001","tot1.0104","tot1.0509","tot1.1014","tot1.1519","tot1.2024","tot1.2529","tot1.3034","tot1.3539","tot1.4044","tot1.4549","tot1.5000",
		  "tot2.0001","tot2.0104","tot2.0509","tot2.1014","tot2.1519","tot2.2024","tot2.2529","tot2.3034","tot2.3539","tot2.4044","tot2.4549","tot2.5000","tot3.9999",
		  "lnk1.0001","lnk1.0104","lnk1.0509","lnk1.1014","lnk1.1519","lnk1.2024","lnk1.2529","lnk1.3034","lnk1.3539","lnk1.4044","lnk1.4549","lnk1.5000",
		  "lnk2.0001","lnk2.0104","lnk2.0509","lnk2.1014","lnk2.1519","lnk2.2024","lnk2.2529","lnk2.3034","lnk2.3539","lnk2.4044","lnk2.4549","lnk2.5000","lnk3.9999"
)
#**************************************************************************************************************#
indicator_vars<-c("pos1.0001","pos1.0104","pos1.0509","pos1.1014","pos1.1519","pos1.2024","pos1.2529","pos1.3034","pos1.3539","pos1.4044","pos1.4549","pos1.5000",
			   "pos2.0001","pos2.0104","pos2.0509","pos2.1014","pos2.1519","pos2.2024","pos2.2529","pos2.3034","pos2.3539","pos2.4044","pos2.4549","pos2.5000",
			   "pos3.9999",
			   "new1.0001","new1.0104","new1.0509","new1.1014","new1.1519","new1.2024","new1.2529","new1.3034","new1.3539","new1.4044","new1.4549","new1.5000",
			   "new2.0001","new2.0104","new2.0509","new2.1014","new2.1519","new2.2024","new2.2529","new2.3034","new2.3539","new2.4044","new2.4549","new2.5000",
			   "new3.9999",
			   "cur1.0001","cur1.0104","cur1.0509","cur1.1014","cur1.1519","cur1.2024","cur1.2529","cur1.3034","cur1.3539","cur1.4044","cur1.4549","cur1.5000",
			   "cur2.0001","cur2.0104","cur2.0509","cur2.1014","cur2.1519","cur2.2024","cur2.2529","cur2.3034","cur2.3539","cur2.4044","cur2.4549","cur2.5000",
			   "cur3.9999")
#**************************************************************************************************************#
